# Generated by Steam Audio
mtllib scene_export.mtl
v -20.000000 0.000000 -20.000000
v 20.000000 0.000000 -20.000000
v 20.000000 0.000000 20.000000
v -20.000000 0.000000 20.000000
usemtl material_0
f 1 2 3
f 1 3 4
v -4.000000 0.000000 -4.150000
v 4.000000 0.000000 -4.150000
v 4.000000 3.000000 -4.150000
v -4.000000 3.000000 -4.150000
v -4.000000 0.000000 -3.850000
v 4.000000 0.000000 -3.850000
v 4.000000 3.000000 -3.850000
v -4.000000 3.000000 -3.850000
usemtl material_1
f 5 7 6
f 5 8 7
f 9 10 11
f 9 11 12
f 5 6 10
f 5 10 9
f 8 11 7
f 8 12 11
f 5 9 12
f 5 12 8
f 6 7 11
f 6 11 10
v -4.150000 0.000000 -4.000000
v -3.850000 0.000000 -4.000000
v -3.850000 3.000000 -4.000000
v -4.150000 3.000000 -4.000000
v -4.150000 0.000000 4.000000
v -3.850000 0.000000 4.000000
v -3.850000 3.000000 4.000000
v -4.150000 3.000000 4.000000
usemtl material_2
f 13 15 14
f 13 16 15
f 17 18 19
f 17 19 20
f 13 14 18
f 13 18 17
f 16 19 15
f 16 20 19
f 13 17 20
f 13 20 16
f 14 15 19
f 14 19 18
v 3.850000 0.000000 -4.000000
v 4.150000 0.000000 -4.000000
v 4.150000 3.000000 -4.000000
v 3.850000 3.000000 -4.000000
v 3.850000 0.000000 4.000000
v 4.150000 0.000000 4.000000
v 4.150000 3.000000 4.000000
v 3.850000 3.000000 4.000000
usemtl material_3
f 21 23 22
f 21 24 23
f 25 26 27
f 25 27 28
f 21 22 26
f 21 26 25
f 24 27 23
f 24 28 27
f 21 25 28
f 21 28 24
f 22 23 27
f 22 27 26
v -0.487758 0.000000 3.379202
v 0.502020 0.000000 3.521820
v 0.502020 2.200000 3.521820
v -0.487758 2.200000 3.379202
v -0.502020 0.000000 3.478180
v 0.487758 0.000000 3.620798
v 0.487758 2.200000 3.620798
v -0.502020 2.200000 3.478180
usemtl material_4
f 29 31 30
f 29 32 31
f 33 34 35
f 33 35 36
f 29 30 34
f 29 34 33
f 32 35 31
f 32 36 35
f 29 33 36
f 29 36 32
f 30 31 35
f 30 35 34
